%length between points
len_O_1=25.5;
len_O_2=51;
len_O_3=50;
len_O_4=59;
len_O_5=56;
len_O_6=52.5;
len_O_7=25.5;
len_1_11=39.5;
len_1_12=40;
len_7_71=18.5;
len_7_72=41;
len_11_12=24.5;
len_12_2=26.5;
len_2_3=49.5;
len_3_4=25.5;
len_4_5=25.5;
len_5_6=46.5;
len_6_7=32;
len_71_72=26.5;
%NEED LEN_6_71

