pt1 = [1.1396105, 48.101925, -26.927473];
normal1 = [0.0, 0.92147446, -0.388439];

pt2 = [-5.1659403, 7.9560127, -6.8939857];
normal2 = [0.0, -0.9134771, 0.40689024];