#---Camera Location and Rotation Information---
#Tue Dec 16 15:13:06 PST 2014
camRotation.w=0.6450901
camLocation.y=5.027184
camLocation.x=9.598464
camRotation.z=0.70084566
camRotation.y=-0.28797662
camRotation.x=-0.098709926
camLocation.z=-15.33081
