#---Camera Location and Rotation Information---
#Fri Oct 03 17:51:07 PDT 2014
camRotation.w=0.03954069
camLocation.y=6.948272
camLocation.x=-3.695225
camRotation.z=0.969462
camRotation.y=-0.20888385
camRotation.x=0.12225995
camLocation.z=-14.792699
