#---Camera Location and Rotation Information---
#Mon Feb 08 17:24:27 PST 2016
camRotation.w=-0.03649281
camLocation.y=-7.438258
camLocation.x=-1.5000473
camRotation.z=0.9857237
camRotation.y=0.1598125
camRotation.x=0.03843223
camLocation.z=-22.136114
