#---Camera Location and Rotation Information---
#Fri Jul 08 12:41:41 PDT 2016
camRotation.w=0.19055244
camLocation.y=-9.934437
camLocation.x=-27.903679
camRotation.z=0.6742866
camRotation.y=0.41306415
camRotation.x=0.5817262
camLocation.z=0.53485274
