#---Camera Location and Rotation Information---
#Tue Aug 19 14:46:11 PDT 2014
camRotation.w=0.07266363
camLocation.y=-0.9962588
camLocation.x=0.808901
camRotation.z=0.9963347
camRotation.y=0.012579467
camRotation.x=-0.04334739
camLocation.z=-16.74192
