#---Camera Location and Rotation Information---
#Mon Aug 11 16:12:09 PDT 2014
camRotation.w=0.1066685
camLocation.y=-5.6621475
camLocation.x=6.21646
camRotation.z=0.91221666
camRotation.y=0.25692979
camRotation.x=-0.30078167
camLocation.z=-7.5198474
