#---Camera Location and Rotation Information---
#Thu Aug 14 16:22:56 PDT 2014
camRotation.w=0.62899774
camLocation.y=6.34386
camLocation.x=0.17077076
camRotation.z=-0.76559424
camRotation.y=0.10197274
camRotation.x=0.08848074
camLocation.z=-22.855286
