scaleFactor.realToVirtual=0.08
#
initQuat.w=0.8945875
initQuat.x=0.0026879977
initQuat.y=-0.0033721454
initQuat.z=-0.44687212
