#---Camera Location and Rotation Information---
#Thu Apr 28 14:06:33 PDT 2016
camRotation.w=-0.03263242
camLocation.y=14.337009
camLocation.x=-3.1654294
camRotation.z=0.9718011
camRotation.y=-0.23350592
camRotation.x=-0.0035677864
camLocation.z=-28.54667
