#---Camera Location and Rotation Information---
#Wed Aug 20 15:45:51 PDT 2014
camRotation.w=0.21177094
camLocation.y=-11.166354
camLocation.x=3.6667907
camRotation.z=0.9596768
camRotation.y=0.1590796
camRotation.x=-0.094165795
camLocation.z=-30.135489
