#---Camera Location and Rotation Information---
#Thu Nov 20 15:00:11 PST 2014
camRotation.w=0.032635085
camLocation.y=-6.314304
camLocation.x=14.7563095
camRotation.z=0.9454432
camRotation.y=0.1399643
camRotation.x=-0.29237315
camLocation.z=-21.478336
